0,814
0,813
0,812
30,8
0,811
30,7
30,6
97,7
97,6
97,5
97,4
97,3
97,1
97,0
13,130
13,131
0,810
0,809
96,6
96,5
96,4
96,3
96,1
96,0
95,5
95,4
95,3
95,1
95,0
0,808
0,807
94,6
94,5
94,4
94,3
94,1
94,0
93,5
93,4
93,3
93,1
93,0
0,806
92,6
92,5
92,4
92,3
92,1
92,0
13,81
13,133
91,5
91,4
91,3
91,1
91,0
0,805
90,6
90,5
90,4
90,3
90,1
90,0
89,5
89,4
89,3
89,1
89,0
0,804
88,7
14,10
0,803
0,802
0,801
0,800
0,799
88,6
88,5
88,4
88,3
88,1
88,0
87,5
87,4
87,3
87,1
87,0
0,798
0,797
86,8
0,796
0,795
0,794
86,7
13,80
0,793
0,792
0,791
86,6
86,5
86,4
86,3
86,1
86,0
85,5
85,4
85,3
85,1
85,0
0,790
0,789
84,6
10,42
84,5
84,4
84,3
84,1
84,0
0,788
83,7
0,787
0,786
0,785
0,784
0,783
83,6
83,5
83,4
83,3
83,1
83,0
13,79
82,5
82,4
82,3
82,1
82,0
0,782
81,6
81,5
81,4
81,3
81,1
81,0
0,781
67,0
13,62
66,9
66,8
66,7
13,6
66,6
13,51
66,5
13,70
66,4
66,3
13,29
66,2
66,1
13,75
66,0
13,65
35,5
13,38
35,1
32,5
13,33
32,1
16,7
13,67
15,9
13,2
15,1
13,5
14,1
14,9
16,1
16,8
13,78
16,2
13,27
16,5
13,25
13,1
8,2
10,1
10,12
5,6
8,7
5,2
8,6
5,1
8,5
5,5
8,1
4,9
4,8
4,1
0,340
3,1
6,6
3,5
6,2
0,778
6,1
0,735
6,5
0,734
0,308
0,733
0,305
0,732
0,731
0,730
0,729
0,728
0,727
0,726
0,725
0,724
0,723
0,722
0,721
0,720
0,719
0,718
0,717
0,716
0,715
0,714
0,713
0,712
0,711
0,710
0,709
0,708
0,707
0,706
0,705
0,704
0,692
0,691
0,690
0,689
0,688
0,687
0,686
0,685
0,684
0,683
0,682
0,681
0,680
0,679
0,678
0,677
0,676
0,675
0,674
0,673
0,672
0,508
0,496
0,495
0,408
0,364
2,2
0,319
2,1
0,10
2,5
0,311
0,310
0,0
0,307
0,306
0,13
0,339
0,11
0,9
